48 65 79 20 74 68 65 72 65 21

54 68 65 72 65 27 73 20 6e 6f 20 6e 65 65 64 20 74 6f 20 73 6f 6c 76 65 20 61 6e 79 20 66 75 72 74 68 65 72 2e

54 68 69 73 20 77 61 73 20 6d 61 64 65 20 6a 75 73 74 20 74 6f 20 6d 65 73 73 20 77 69 74 68 20 79 6f 75 20 3a 70 2e

4e 6f 2c 20 73 65 72 69 6f 75 73 6c 79 2e

53 74 6f 70 20 64 65 63 6f 64 69 6e 67 20 74 68 65 73 65 20 73 65 6e 74 65 6e 63 65 73 2e

53 74 6f 70 2e

57 68 61 74 20 61 72 65 20 79 6f 75 20 64 6f 69 6e 67 3f

59 6f 75 20 72 65 61 6c 6c 79 20 6c 69 6b 65 20 74 6f 72 74 75 72 69 6e 67 20 79 6f 75 72 73 65 6c 66 2c 20 64 6f 6e 27 74 20 79 6f 75 3f

4f 6b 61 79 2c 20 66 69 6e 65 2e

54 68 65 20 66 6c 61 67 27 73 20 6f 6e 20 74 68 65 20 6c 61 73 74 20 6c 69 6e 65 2e

54 68 65 20 72 65 73 74 20 6f 66 20 74 68 65 73 65 20 73 65 6e 74 65 6e 63 65 73 20 61 72 65 20 6a 75 73 74 20 66 69 6c 6c 65 72 2e

46 4c 41 47 3a 20 47 6f 74 63 68 61 21

4e 4f 4f 4f 4f 2d

53 54 4f 50 21

53 54 4f 50 20 44 45 43 4f 44 49 4e 47 20 54 48 45 53 45 21

57 61 69 74 2c 20 77 68 79 20 61 72 65 20 79 6f 75 20 67 6f 69 6e 67 20 75 70 3f

48 61 21 20 4c 6f 73 65 72 2e

59 6f 75 20 72 65 61 6c 6c 79 20 74 68 6f 75 67 68 74 20 77 65 27 64 20 6a 75 73 74 20 67 69 76 65 20 79 6f 75 20 74 68 65 20 66 6c 61 67 3f